# Sample of 1000 probability pixels from cumulative_reduced3Dmap-64nside-2000max-100step.npz using dist method
# dec,ra,d_l,weight
1.921704,0.859029,600.000000,1.19562553e-10
1.921704,0.859029,600.000000,1.19562553e-10
1.921704,0.859029,600.000000,1.19562553e-10
1.921704,0.859029,600.000000,1.19562553e-10
1.921704,0.859029,600.000000,1.19562553e-10
1.921704,0.859029,600.000000,1.19562553e-10
1.921704,0.859029,600.000000,1.19562553e-10
1.921704,0.859029,600.000000,1.19562553e-10
1.921704,0.859029,600.000000,1.19562553e-10
1.921704,0.859029,600.000000,1.19562553e-10
1.921704,0.859029,600.000000,1.19562553e-10
1.921704,0.859029,600.000000,1.19562553e-10
1.921704,0.859029,600.000000,1.19562553e-10
1.921704,0.859029,600.000000,1.19562553e-10
1.921704,0.859029,600.000000,1.19562553e-10
1.910633,0.871301,600.000000,1.13184401e-10
1.910633,0.871301,600.000000,1.13184401e-10
1.910633,0.871301,600.000000,1.13184401e-10
1.910633,0.871301,600.000000,1.13184401e-10
1.910633,0.871301,600.000000,1.13184401e-10
1.910633,0.871301,600.000000,1.13184401e-10
1.910633,0.871301,600.000000,1.13184401e-10
1.910633,0.871301,600.000000,1.13184401e-10
1.910633,0.871301,600.000000,1.13184401e-10
1.910633,0.871301,600.000000,1.13184401e-10
1.910633,0.871301,600.000000,1.13184401e-10
1.910633,0.871301,600.000000,1.13184401e-10
1.910633,0.871301,600.000000,1.13184401e-10
1.910633,0.871301,600.000000,1.13184401e-10
1.910633,0.871301,600.000000,1.13184401e-10
1.910633,0.871301,600.000000,1.13184401e-10
1.910633,0.871301,600.000000,1.13184401e-10
1.910633,0.871301,600.000000,1.13184401e-10
1.910633,0.871301,600.000000,1.13184401e-10
1.910633,0.871301,600.000000,1.13184401e-10
1.910633,0.871301,600.000000,1.13184401e-10
1.910633,0.871301,600.000000,1.13184401e-10
1.910633,0.871301,600.000000,1.13184401e-10
1.932819,0.871301,600.000000,1.06601161e-10
1.932819,0.871301,600.000000,1.06601161e-10
1.932819,0.871301,600.000000,1.06601161e-10
1.932819,0.871301,600.000000,1.06601161e-10
1.932819,0.871301,600.000000,1.06601161e-10
1.932819,0.871301,600.000000,1.06601161e-10
1.932819,0.871301,600.000000,1.06601161e-10
1.932819,0.871301,600.000000,1.06601161e-10
1.932819,0.871301,600.000000,1.06601161e-10
1.932819,0.871301,600.000000,1.06601161e-10
1.932819,0.871301,600.000000,1.06601161e-10
1.932819,0.871301,600.000000,1.06601161e-10
1.932819,0.871301,600.000000,1.06601161e-10
1.932819,0.871301,600.000000,1.06601161e-10
1.932819,0.871301,600.000000,1.06601161e-10
1.932819,0.871301,600.000000,1.06601161e-10
1.932819,0.871301,600.000000,1.06601161e-10
1.932819,0.871301,600.000000,1.06601161e-10
1.932819,0.871301,600.000000,1.06601161e-10
1.932819,0.871301,600.000000,1.06601161e-10
1.932819,0.871301,600.000000,1.06601161e-10
1.932819,0.871301,600.000000,1.06601161e-10
1.932819,0.871301,600.000000,1.06601161e-10
1.932819,0.871301,600.000000,1.06601161e-10
1.932819,0.871301,600.000000,1.06601161e-10
1.932819,0.871301,600.000000,1.06601161e-10
1.899606,0.859029,600.000000,9.93661168e-11
1.899606,0.859029,600.000000,9.93661168e-11
1.899606,0.859029,600.000000,9.93661168e-11
1.899606,0.859029,600.000000,9.93661168e-11
1.899606,0.859029,600.000000,9.93661168e-11
1.899606,0.859029,600.000000,9.93661168e-11
1.899606,0.859029,600.000000,9.93661168e-11
1.899606,0.859029,600.000000,9.93661168e-11
1.899606,0.859029,600.000000,9.93661168e-11
1.899606,0.859029,600.000000,9.93661168e-11
1.921704,0.859029,500.000000,8.79949702e-11
1.921704,0.859029,500.000000,8.79949702e-11
1.921704,0.859029,500.000000,8.79949702e-11
1.921704,0.859029,500.000000,8.79949702e-11
1.921704,0.859029,500.000000,8.79949702e-11
1.921704,0.859029,500.000000,8.79949702e-11
1.921704,0.859029,500.000000,8.79949702e-11
1.921704,0.859029,500.000000,8.79949702e-11
1.921704,0.859029,500.000000,8.79949702e-11
1.921704,0.859029,500.000000,8.79949702e-11
1.910633,0.846757,600.000000,8.67858812e-11
1.910633,0.846757,600.000000,8.67858812e-11
1.910633,0.846757,600.000000,8.67858812e-11
1.910633,0.846757,600.000000,8.67858812e-11
1.910633,0.846757,600.000000,8.67858812e-11
1.910633,0.846757,600.000000,8.67858812e-11
1.910633,0.846757,600.000000,8.67858812e-11
1.910633,0.846757,600.000000,8.67858812e-11
1.910633,0.846757,600.000000,8.67858812e-11
1.910633,0.846757,600.000000,8.67858812e-11
1.910633,0.846757,600.000000,8.67858812e-11
1.910633,0.846757,600.000000,8.67858812e-11
1.910633,0.846757,600.000000,8.67858812e-11
1.910633,0.846757,600.000000,8.67858812e-11
1.910633,0.846757,600.000000,8.67858812e-11
1.921704,0.883573,600.000000,8.41435706e-11
1.921704,0.883573,600.000000,8.41435706e-11
1.921704,0.883573,600.000000,8.41435706e-11
1.921704,0.883573,600.000000,8.41435706e-11
1.921704,0.883573,600.000000,8.41435706e-11
1.921704,0.883573,600.000000,8.41435706e-11
1.921704,0.883573,600.000000,8.41435706e-11
1.921704,0.883573,600.000000,8.41435706e-11
1.921704,0.883573,600.000000,8.41435706e-11
1.921704,0.883573,600.000000,8.41435706e-11
1.921704,0.883573,600.000000,8.41435706e-11
1.921704,0.883573,600.000000,8.41435706e-11
1.921704,0.883573,600.000000,8.41435706e-11
1.910633,0.871301,500.000000,8.01011191e-11
1.910633,0.871301,500.000000,8.01011191e-11
1.910633,0.871301,500.000000,8.01011191e-11
1.910633,0.871301,500.000000,8.01011191e-11
1.910633,0.871301,500.000000,8.01011191e-11
1.910633,0.871301,500.000000,8.01011191e-11
1.910633,0.871301,500.000000,8.01011191e-11
1.932819,0.871301,500.000000,7.89053104e-11
1.932819,0.871301,500.000000,7.89053104e-11
1.932819,0.871301,500.000000,7.89053104e-11
1.932819,0.871301,500.000000,7.89053104e-11
1.932819,0.871301,500.000000,7.89053104e-11
1.932819,0.871301,500.000000,7.89053104e-11
1.932819,0.871301,500.000000,7.89053104e-11
1.899606,0.859029,500.000000,7.21428767e-11
1.899606,0.859029,500.000000,7.21428767e-11
1.899606,0.859029,500.000000,7.21428767e-11
1.899606,0.859029,500.000000,7.21428767e-11
1.899606,0.859029,500.000000,7.21428767e-11
1.899606,0.859029,500.000000,7.21428767e-11
1.899606,0.859029,500.000000,7.21428767e-11
1.899606,0.859029,500.000000,7.21428767e-11
1.899606,0.859029,500.000000,7.21428767e-11
1.899606,0.859029,500.000000,7.21428767e-11
1.899606,0.859029,500.000000,7.21428767e-11
1.921704,0.859029,700.000000,6.91402046e-11
1.921704,0.859029,700.000000,6.91402046e-11
1.921704,0.859029,700.000000,6.91402046e-11
1.921704,0.859029,700.000000,6.91402046e-11
1.921704,0.859029,700.000000,6.91402046e-11
1.921704,0.859029,700.000000,6.91402046e-11
1.921704,0.859029,700.000000,6.91402046e-11
1.921704,0.859029,700.000000,6.91402046e-11
1.921704,0.859029,700.000000,6.91402046e-11
1.921704,0.859029,700.000000,6.91402046e-11
1.910633,0.871301,700.000000,6.65762793e-11
1.910633,0.871301,700.000000,6.65762793e-11
1.910633,0.871301,700.000000,6.65762793e-11
1.910633,0.871301,700.000000,6.65762793e-11
1.910633,0.871301,700.000000,6.65762793e-11
1.910633,0.871301,700.000000,6.65762793e-11
1.910633,0.871301,700.000000,6.65762793e-11
1.910633,0.871301,700.000000,6.65762793e-11
1.910633,0.846757,500.000000,6.49418916e-11
1.910633,0.846757,500.000000,6.49418916e-11
1.910633,0.846757,500.000000,6.49418916e-11
1.910633,0.846757,500.000000,6.49418916e-11
1.910633,0.846757,500.000000,6.49418916e-11
1.910633,0.846757,500.000000,6.49418916e-11
1.910633,0.846757,500.000000,6.49418916e-11
1.910633,0.846757,500.000000,6.49418916e-11
1.910633,0.846757,500.000000,6.49418916e-11
1.932819,0.871301,700.000000,6.32566608e-11
1.932819,0.871301,700.000000,6.32566608e-11
1.932819,0.871301,700.000000,6.32566608e-11
1.932819,0.871301,700.000000,6.32566608e-11
1.932819,0.871301,700.000000,6.32566608e-11
1.932819,0.871301,700.000000,6.32566608e-11
1.932819,0.871301,700.000000,6.32566608e-11
1.932819,0.871301,700.000000,6.32566608e-11
1.932819,0.871301,700.000000,6.32566608e-11
1.932819,0.871301,700.000000,6.32566608e-11
1.932819,0.871301,700.000000,6.32566608e-11
1.932819,0.871301,700.000000,6.32566608e-11
1.932819,0.871301,700.000000,6.32566608e-11
1.932819,0.871301,700.000000,6.32566608e-11
1.932819,0.871301,700.000000,6.32566608e-11
1.932819,0.871301,700.000000,6.32566608e-11
1.932819,0.871301,700.000000,6.32566608e-11
1.943982,0.883573,600.000000,6.06759047e-11
1.943982,0.883573,600.000000,6.06759047e-11
1.943982,0.883573,600.000000,6.06759047e-11
1.943982,0.883573,600.000000,6.06759047e-11
1.943982,0.883573,600.000000,6.06759047e-11
1.943982,0.883573,600.000000,6.06759047e-11
1.943982,0.883573,600.000000,6.06759047e-11
1.943982,0.883573,600.000000,6.06759047e-11
1.943982,0.883573,600.000000,6.06759047e-11
1.943982,0.883573,600.000000,6.06759047e-11
1.921704,0.883573,500.000000,5.97275136e-11
1.921704,0.883573,500.000000,5.97275136e-11
1.921704,0.883573,500.000000,5.97275136e-11
1.921704,0.883573,500.000000,5.97275136e-11
1.921704,0.883573,500.000000,5.97275136e-11
1.921704,0.883573,500.000000,5.97275136e-11
1.921704,0.883573,500.000000,5.97275136e-11
1.921704,0.883573,500.000000,5.97275136e-11
1.921704,0.883573,500.000000,5.97275136e-11
1.921704,0.883573,500.000000,5.97275136e-11
1.921704,0.883573,500.000000,5.97275136e-11
1.921704,0.883573,500.000000,5.97275136e-11
1.888620,0.846757,600.000000,5.91889174e-11
1.888620,0.846757,600.000000,5.91889174e-11
1.888620,0.846757,600.000000,5.91889174e-11
1.888620,0.846757,600.000000,5.91889174e-11
1.888620,0.846757,600.000000,5.91889174e-11
1.888620,0.846757,600.000000,5.91889174e-11
1.888620,0.846757,600.000000,5.91889174e-11
1.888620,0.846757,600.000000,5.91889174e-11
1.888620,0.846757,600.000000,5.91889174e-11
1.888620,0.846757,600.000000,5.91889174e-11
1.888620,0.846757,600.000000,5.91889174e-11
1.888620,0.846757,600.000000,5.91889174e-11
1.888620,0.846757,600.000000,5.91889174e-11
1.899606,0.859029,700.000000,5.65369241e-11
1.899606,0.859029,700.000000,5.65369241e-11
1.899606,0.859029,700.000000,5.65369241e-11
1.899606,0.859029,700.000000,5.65369241e-11
1.899606,0.859029,700.000000,5.65369241e-11
1.899606,0.859029,700.000000,5.65369241e-11
1.899606,0.859029,700.000000,5.65369241e-11
1.899606,0.859029,700.000000,5.65369241e-11
1.899606,0.859029,700.000000,5.65369241e-11
1.899606,0.859029,700.000000,5.65369241e-11
1.921704,0.883573,700.000000,5.09800844e-11
1.921704,0.883573,700.000000,5.09800844e-11
1.921704,0.883573,700.000000,5.09800844e-11
1.921704,0.883573,700.000000,5.09800844e-11
1.921704,0.883573,700.000000,5.09800844e-11
1.910633,0.846757,700.000000,4.87677812e-11
1.910633,0.846757,700.000000,4.87677812e-11
1.910633,0.846757,700.000000,4.87677812e-11
1.910633,0.846757,700.000000,4.87677812e-11
1.910633,0.846757,700.000000,4.87677812e-11
1.910633,0.846757,700.000000,4.87677812e-11
1.943982,0.883573,500.000000,4.61557558e-11
1.943982,0.883573,500.000000,4.61557558e-11
1.943982,0.883573,500.000000,4.61557558e-11
1.943982,0.883573,500.000000,4.61557558e-11
1.943982,0.883573,500.000000,4.61557558e-11
1.943982,0.883573,500.000000,4.61557558e-11
1.888620,0.846757,500.000000,4.51646348e-11
1.888620,0.846757,500.000000,4.51646348e-11
1.888620,0.846757,500.000000,4.51646348e-11
1.888620,0.846757,500.000000,4.51646348e-11
1.888620,0.846757,500.000000,4.51646348e-11
1.888620,0.846757,500.000000,4.51646348e-11
1.888620,0.846757,500.000000,4.51646348e-11
1.888620,0.846757,500.000000,4.51646348e-11
1.888620,0.846757,500.000000,4.51646348e-11
1.899606,0.834486,600.000000,4.22641661e-11
1.899606,0.834486,600.000000,4.22641661e-11
1.899606,0.834486,600.000000,4.22641661e-11
1.899606,0.834486,600.000000,4.22641661e-11
1.899606,0.834486,600.000000,4.22641661e-11
1.899606,0.834486,600.000000,4.22641661e-11
1.899606,0.834486,600.000000,4.22641661e-11
1.899606,0.834486,600.000000,4.22641661e-11
1.932819,0.895845,600.000000,3.99935729e-11
1.932819,0.895845,600.000000,3.99935729e-11
1.932819,0.895845,600.000000,3.99935729e-11
1.932819,0.895845,600.000000,3.99935729e-11
1.943982,0.883573,700.000000,3.67842192e-11
1.943982,0.883573,700.000000,3.67842192e-11
1.943982,0.883573,700.000000,3.67842192e-11
1.943982,0.883573,700.000000,3.67842192e-11
1.943982,0.883573,700.000000,3.67842192e-11
1.899606,0.834486,500.000000,3.28230643e-11
1.899606,0.834486,500.000000,3.28230643e-11
1.899606,0.834486,500.000000,3.28230643e-11
1.899606,0.834486,500.000000,3.28230643e-11
1.899606,0.834486,500.000000,3.28230643e-11
1.888620,0.846757,700.000000,3.25258179e-11
1.888620,0.846757,700.000000,3.25258179e-11
1.888620,0.846757,700.000000,3.25258179e-11
1.888620,0.846757,700.000000,3.25258179e-11
1.888620,0.846757,700.000000,3.25258179e-11
1.932819,0.895845,500.000000,2.93648760e-11
1.932819,0.895845,500.000000,2.93648760e-11
1.932819,0.895845,500.000000,2.93648760e-11
1.932819,0.895845,500.000000,2.93648760e-11
1.921704,0.859029,400.000000,2.75625035e-11
1.932819,0.871301,400.000000,2.56530589e-11
1.932819,0.871301,400.000000,2.56530589e-11
1.932819,0.871301,400.000000,2.56530589e-11
1.932819,0.871301,400.000000,2.56530589e-11
1.877674,0.834486,600.000000,2.50871367e-11
1.877674,0.834486,600.000000,2.50871367e-11
1.877674,0.834486,600.000000,2.50871367e-11
1.877674,0.834486,600.000000,2.50871367e-11
1.932819,0.895845,700.000000,2.47592487e-11
1.932819,0.895845,700.000000,2.47592487e-11
1.910633,0.871301,400.000000,2.35980189e-11
1.910633,0.871301,400.000000,2.35980189e-11
1.910633,0.871301,400.000000,2.35980189e-11
1.899606,0.834486,700.000000,2.30689687e-11
1.899606,0.834486,700.000000,2.30689687e-11
1.899606,0.834486,700.000000,2.30689687e-11
1.955193,0.895845,600.000000,2.22364111e-11
1.899606,0.859029,400.000000,2.16370272e-11
1.899606,0.859029,400.000000,2.16370272e-11
1.899606,0.859029,400.000000,2.16370272e-11
1.899606,0.859029,400.000000,2.16370272e-11
1.899606,0.859029,400.000000,2.16370272e-11
1.877674,0.834486,500.000000,2.04617563e-11
1.877674,0.834486,500.000000,2.04617563e-11
1.877674,0.834486,500.000000,2.04617563e-11
1.910633,0.846757,400.000000,2.04343378e-11
1.910633,0.846757,400.000000,2.04343378e-11
1.910633,0.846757,400.000000,2.04343378e-11
1.910633,0.846757,400.000000,2.04343378e-11
1.910633,0.846757,400.000000,2.04343378e-11
1.921704,0.883573,400.000000,1.82331224e-11
1.921704,0.883573,400.000000,1.82331224e-11
1.921704,0.883573,400.000000,1.82331224e-11
1.955193,0.895845,500.000000,1.77962868e-11
1.955193,0.895845,500.000000,1.77962868e-11
1.955193,0.895845,500.000000,1.77962868e-11
1.955193,0.895845,500.000000,1.77962868e-11
1.921704,0.859029,800.000000,1.70162668e-11
1.921704,0.859029,800.000000,1.70162668e-11
1.921704,0.859029,800.000000,1.70162668e-11
1.932819,0.871301,800.000000,1.64869082e-11
1.932819,0.871301,800.000000,1.64869082e-11
1.932819,0.871301,800.000000,1.64869082e-11
1.910633,0.871301,800.000000,1.63018697e-11
1.910633,0.871301,800.000000,1.63018697e-11
1.910633,0.871301,800.000000,1.63018697e-11
1.943982,0.883573,400.000000,1.61916221e-11
1.943982,0.883573,400.000000,1.61916221e-11
1.943982,0.883573,400.000000,1.61916221e-11
1.943982,0.883573,400.000000,1.61916221e-11
1.943982,0.883573,400.000000,1.61916221e-11
1.888620,0.822214,600.000000,1.44740800e-11
1.888620,0.822214,600.000000,1.44740800e-11
1.888620,0.846757,400.000000,1.44511546e-11
1.943982,0.859029,600.000000,1.37878274e-11
1.955193,0.895845,700.000000,1.36653695e-11
1.955193,0.895845,700.000000,1.36653695e-11
1.955193,0.895845,700.000000,1.36653695e-11
1.955193,0.895845,700.000000,1.36653695e-11
1.877674,0.834486,700.000000,1.33243647e-11
1.899606,0.859029,800.000000,1.32884717e-11
1.921704,0.883573,800.000000,1.32835231e-11
1.921704,0.883573,800.000000,1.32835231e-11
1.921704,0.883573,800.000000,1.32835231e-11
1.932819,0.846757,600.000000,1.24551925e-11
1.932819,0.846757,600.000000,1.24551925e-11
1.943982,0.908117,600.000000,1.20402907e-11
0.676214,5.180607,1500.000000,1.20308532e-11
0.676214,5.180607,1500.000000,1.20308532e-11
1.888620,0.822214,500.000000,1.18475557e-11
1.910633,0.846757,800.000000,1.15232954e-11
0.676214,5.180607,1400.000000,1.08792678e-11
0.676214,5.180607,1400.000000,1.08792678e-11
0.676214,5.180607,1400.000000,1.08792678e-11
0.676214,5.180607,1400.000000,1.08792678e-11
1.899606,0.834486,400.000000,1.08055938e-11
0.676214,5.180607,1600.000000,1.07626512e-11
0.676214,5.180607,1600.000000,1.07626512e-11
0.676214,5.150399,1500.000000,1.07078646e-11
0.676214,5.150399,1500.000000,1.07078646e-11
1.943982,0.859029,500.000000,1.06377051e-11
1.943982,0.859029,500.000000,1.06377051e-11
1.899606,0.883573,600.000000,1.06048459e-11
1.899606,0.883573,600.000000,1.06048459e-11
1.943982,0.883573,800.000000,1.02839916e-11
1.943982,0.883573,800.000000,1.02839916e-11
0.676214,5.150399,1600.000000,1.01988502e-11
0.676214,5.150399,1600.000000,1.01988502e-11
0.676214,5.150399,1600.000000,1.01988502e-11
0.676214,5.150399,1600.000000,1.01988502e-11
1.955193,0.871301,600.000000,1.01371228e-11
1.932819,0.895845,400.000000,9.80057062e-12
1.932819,0.846757,500.000000,9.59018170e-12
1.932819,0.846757,500.000000,9.59018170e-12
1.943982,0.908117,500.000000,9.47894734e-12
1.943982,0.908117,500.000000,9.47894734e-12
1.445468,4.405593,1000.000000,9.26369682e-12
0.676214,5.150399,1400.000000,9.06736063e-12
1.877674,0.859029,600.000000,8.99925102e-12
1.445468,4.405593,1100.000000,8.62419857e-12
1.445468,4.405593,1100.000000,8.62419857e-12
1.888620,0.871301,500.000000,8.56945842e-12
1.445468,4.405593,900.000000,8.49598304e-12
1.455961,4.417865,1000.000000,8.00198511e-12
1.455961,4.417865,1000.000000,8.00198511e-12
1.866765,0.822214,600.000000,7.96481598e-12
0.676214,5.180607,1300.000000,7.95845898e-12
1.466440,4.405593,1200.000000,7.89032560e-12
1.466440,4.405593,1200.000000,7.89032560e-12
1.466440,4.405593,1200.000000,7.89032560e-12
0.676214,5.180607,1700.000000,7.78875752e-12
1.476908,4.417865,1000.000000,7.58355790e-12
1.943982,0.908117,700.000000,7.51144305e-12
1.888620,0.846757,800.000000,7.49483360e-12
1.888620,0.846757,800.000000,7.49483360e-12
1.888620,0.846757,800.000000,7.49483360e-12
1.888620,0.846757,800.000000,7.49483360e-12
1.921704,0.834486,600.000000,7.48221408e-12
1.921704,0.834486,600.000000,7.48221408e-12
1.455961,4.417865,1100.000000,7.33324770e-12
1.932819,0.846757,700.000000,7.23753986e-12
1.877674,0.834486,400.000000,7.22972786e-12
1.877674,0.859029,500.000000,7.06663603e-12
1.877674,0.859029,500.000000,7.06663603e-12
1.455961,4.393321,1100.000000,7.00886492e-12
1.455961,4.393321,1100.000000,7.00886492e-12
1.955193,0.895845,400.000000,7.00511848e-12
1.932819,0.895845,800.000000,6.96738715e-12
1.932819,0.895845,800.000000,6.96738715e-12
1.932819,0.895845,800.000000,6.96738715e-12
1.888620,0.871301,700.000000,6.82344179e-12
1.888620,0.871301,700.000000,6.82344179e-12
1.476908,4.417865,900.000000,6.59404804e-12
1.910633,0.895845,600.000000,6.57199634e-12
1.434962,4.393321,1000.000000,6.56192587e-12
1.434962,4.393321,1000.000000,6.56192587e-12
1.487366,4.405593,1000.000000,6.23720249e-12
1.955193,0.871301,700.000000,6.15190085e-12
1.082921,5.743224,1000.000000,6.11159782e-12
1.082921,5.743224,1100.000000,6.09417225e-12
1.455961,4.417865,800.000000,5.99939158e-12
1.466440,4.405593,800.000000,5.91724868e-12
1.424441,4.405593,900.000000,5.91528887e-12
1.434962,4.393321,900.000000,5.91341374e-12
1.455961,4.393321,900.000000,5.88233496e-12
1.455961,4.393321,900.000000,5.88233496e-12
1.455961,4.393321,900.000000,5.88233496e-12
1.921704,0.834486,500.000000,5.83103128e-12
1.921704,0.834486,500.000000,5.83103128e-12
1.455961,4.417865,1200.000000,5.76010683e-12
1.455961,4.417865,1200.000000,5.76010683e-12
1.455961,4.417865,1200.000000,5.76010683e-12
1.487366,4.405593,1200.000000,5.69032177e-12
0.676214,5.210815,1300.000000,5.67546184e-12
1.094677,5.730952,1000.000000,5.58029484e-12
1.434962,4.417865,900.000000,5.54074800e-12
1.966456,0.908117,600.000000,5.41443191e-12
0.662706,5.189788,1500.000000,5.17600008e-12
1.424441,4.405593,800.000000,5.14287186e-12
1.424441,4.405593,800.000000,5.14287186e-12
1.424441,4.405593,800.000000,5.14287186e-12
1.966456,0.883573,600.000000,5.11309208e-12
1.424441,4.405593,1100.000000,5.09152044e-12
1.487366,4.405593,900.000000,5.08636215e-12
1.877674,0.859029,700.000000,5.04106346e-12
1.434962,4.393321,1200.000000,5.00378046e-12
1.434962,4.393321,1200.000000,5.00378046e-12
1.094677,5.730952,1200.000000,4.92539057e-12
1.094677,5.730952,1200.000000,4.92539057e-12
1.094677,5.730952,1200.000000,4.92539057e-12
1.476908,4.417865,800.000000,4.87122661e-12
1.476908,4.393321,1000.000000,4.84241241e-12
0.689753,5.171773,1500.000000,4.73916802e-12
0.676214,5.180607,1200.000000,4.70960384e-12
1.966456,0.908117,500.000000,4.70674117e-12
1.966456,0.908117,500.000000,4.70674117e-12
0.676214,5.120192,1600.000000,4.60141464e-12
1.497815,4.417865,1100.000000,4.58440384e-12
1.059184,5.743224,1000.000000,4.54835501e-12
1.476908,4.393321,1200.000000,4.53680257e-12
0.662706,5.158988,1600.000000,4.52166399e-12
0.662706,5.158988,1600.000000,4.52166399e-12
1.497815,4.417865,1000.000000,4.46351940e-12
1.071091,5.755496,1000.000000,4.45680116e-12
1.071091,5.755496,1000.000000,4.45680116e-12
0.689753,5.142135,1500.000000,4.43886140e-12
1.071091,5.755496,1100.000000,4.43279685e-12
1.455961,4.393321,800.000000,4.19394141e-12
1.413903,4.393321,1000.000000,4.13197360e-12
1.413903,4.393321,1000.000000,4.13197360e-12
1.413903,4.393321,1000.000000,4.13197360e-12
1.910633,0.895845,700.000000,4.13127142e-12
1.955193,0.895845,800.000000,4.13046984e-12
0.689753,5.171773,1600.000000,4.11876397e-12
0.676214,5.210815,1200.000000,4.11841160e-12
1.071091,5.730952,1000.000000,4.08180263e-12
0.676214,5.120192,1400.000000,4.06010504e-12
0.676214,5.120192,1400.000000,4.06010504e-12
1.497815,4.417865,1200.000000,3.99613018e-12
1.497815,4.417865,1200.000000,3.99613018e-12
1.082921,5.743224,1300.000000,3.98418811e-12
0.689753,5.142135,1600.000000,3.98268332e-12
1.071091,5.755496,900.000000,3.90376922e-12
1.476908,4.393321,900.000000,3.88766154e-12
1.455961,4.417865,1300.000000,3.87793289e-12
1.434962,4.417865,700.000000,3.87336396e-12
1.071091,5.755496,1200.000000,3.84103759e-12
1.071091,5.755496,1200.000000,3.84103759e-12
0.689753,5.171773,1300.000000,3.69788449e-12
1.497815,4.417865,900.000000,3.68827508e-12
0.676214,5.120192,1700.000000,3.67867125e-12
1.932819,0.871301,300.000000,3.66320070e-12
1.094677,5.730952,800.000000,3.63231993e-12
0.676214,5.210815,1700.000000,3.62524029e-12
2.106466,4.835107,900.000000,3.62091367e-12
1.445468,4.381049,1100.000000,3.56218487e-12
1.117980,5.730952,900.000000,3.52791169e-12
1.445468,4.381049,1000.000000,3.49724971e-12
0.662706,5.158988,1300.000000,3.47928553e-12
1.413903,4.393321,800.000000,3.46037033e-12
0.676214,5.150399,1200.000000,3.41126928e-12
0.662706,5.158988,1700.000000,3.38943375e-12
1.106363,5.743224,1200.000000,3.37151343e-12
1.466440,4.405593,1400.000000,3.37091862e-12
1.466440,4.430137,1100.000000,3.34810441e-12
1.424441,4.381049,1000.000000,3.30407098e-12
1.424441,4.381049,1000.000000,3.30407098e-12
1.424441,4.381049,1100.000000,3.16824243e-12
1.966456,0.883573,700.000000,3.15888605e-12
1.106363,5.718680,1200.000000,3.11683454e-12
1.487366,4.430137,1000.000000,3.07512266e-12
1.910633,0.822214,600.000000,3.06259720e-12
1.910633,0.822214,600.000000,3.06259720e-12
1.476908,4.417865,700.000000,3.05725517e-12
0.689753,5.142135,1700.000000,3.02282124e-12
0.689753,5.142135,1700.000000,3.02282124e-12
1.487366,4.430137,1100.000000,2.97938598e-12
1.434962,4.393321,700.000000,2.97394532e-12
1.434962,4.393321,700.000000,2.97394532e-12
2.143215,4.847379,800.000000,2.96311511e-12
1.955193,0.871301,400.000000,2.95852236e-12
1.059184,5.743224,800.000000,2.91371772e-12
1.445468,4.381049,900.000000,2.90548859e-12
1.403348,4.405593,900.000000,2.87175028e-12
1.403348,4.405593,900.000000,2.87175028e-12
1.413903,4.417865,800.000000,2.85669272e-12
1.071091,5.730952,1300.000000,2.84407780e-12
1.403348,4.405593,800.000000,2.83520172e-12
1.129532,5.718680,1000.000000,2.80568246e-12
2.118623,4.847379,800.000000,2.76923122e-12
1.866765,0.846757,700.000000,2.76487639e-12
1.445468,4.430137,1000.000000,2.75991104e-12
1.508256,4.405593,1100.000000,2.74648310e-12
1.508256,4.405593,1100.000000,2.74648310e-12
1.487366,4.430137,900.000000,2.70651899e-12
1.445468,4.405593,1400.000000,2.69590320e-12
1.899606,0.859029,300.000000,2.68071554e-12
2.130872,4.835107,1100.000000,2.67999675e-12
1.082921,5.743224,700.000000,2.66489556e-12
0.689753,5.201410,1500.000000,2.65989384e-12
0.662706,5.220588,1300.000000,2.62889351e-12
1.082921,5.743224,1400.000000,2.61221735e-12
1.413903,4.417865,700.000000,2.59139323e-12
1.403348,4.405593,1000.000000,2.56679194e-12
1.445468,4.405593,600.000000,2.53912365e-12
2.143215,4.847379,1100.000000,2.52270803e-12
1.082921,5.718680,1100.000000,2.51754617e-12
0.662706,5.220588,1400.000000,2.49158109e-12
1.424441,4.405593,1300.000000,2.47074007e-12
1.106363,5.718680,1300.000000,2.43884514e-12
1.106363,5.718680,1300.000000,2.43884514e-12
1.082921,5.718680,1000.000000,2.43625136e-12
1.094677,5.755496,1200.000000,2.37598274e-12
1.497815,4.393321,1100.000000,2.34450308e-12
1.955193,0.920388,600.000000,2.29730569e-12
1.445468,4.430137,1100.000000,2.29115240e-12
1.445468,4.430137,1100.000000,2.29115240e-12
0.676214,5.180607,1100.000000,2.25458103e-12
1.855893,0.834486,600.000000,2.24951291e-12
1.855893,0.834486,600.000000,2.24951291e-12
2.118623,4.847379,700.000000,2.23916824e-12
1.455961,4.417865,1400.000000,2.23771930e-12
1.424441,4.381049,800.000000,2.22830200e-12
0.662706,5.158988,1200.000000,2.19001350e-12
1.966456,0.908117,400.000000,2.18344185e-12
1.403348,4.381049,1000.000000,2.13650666e-12
0.662706,5.128188,1500.000000,2.08720723e-12
1.082921,5.718680,900.000000,2.06144470e-12
1.466440,4.430137,700.000000,2.05910179e-12
1.508256,4.405593,900.000000,2.00468433e-12
1.129532,5.718680,1300.000000,1.98314882e-12
0.689753,5.112497,1300.000000,1.97930094e-12
1.508256,4.405593,1300.000000,1.96336533e-12
2.130872,4.835107,1200.000000,1.95951648e-12
1.921704,0.908117,500.000000,1.94325767e-12
1.392774,4.393321,800.000000,1.92048762e-12
1.392774,4.393321,800.000000,1.92048762e-12
1.071091,5.755496,1400.000000,1.90698799e-12
2.168203,4.847379,700.000000,1.89151887e-12
1.877674,0.809942,700.000000,1.88869960e-12
1.932819,0.871301,900.000000,1.88738637e-12
2.143215,4.847379,1200.000000,1.85612808e-12
0.973390,5.780040,1000.000000,1.83185918e-12
1.082921,5.718680,1300.000000,1.79724143e-12
1.082921,5.718680,1300.000000,1.79724143e-12
2.082408,4.835107,800.000000,1.77556911e-12
2.082408,4.835107,800.000000,1.77556911e-12
2.118623,4.847379,1200.000000,1.73695433e-12
1.487366,4.430137,1300.000000,1.73418055e-12
0.960736,5.792311,1100.000000,1.73185313e-12
1.866765,0.846757,400.000000,1.73064736e-12
1.035127,5.743224,1100.000000,1.72201732e-12
1.106363,5.743224,1400.000000,1.71699483e-12
1.082921,3.313399,1800.000000,1.71160402e-12
2.094395,4.822836,1000.000000,1.70872176e-12
2.193623,4.847379,700.000000,1.65980883e-12
2.118623,4.822836,900.000000,1.64416735e-12
1.518689,4.417865,1000.000000,1.60042596e-12
0.985936,5.767768,1100.000000,1.60017385e-12
1.071091,3.301127,1800.000000,1.58862167e-12
1.508256,4.430137,1100.000000,1.58261839e-12
2.193623,4.847379,1100.000000,1.57668975e-12
1.141021,5.730952,1300.000000,1.56096232e-12
1.434962,4.417865,500.000000,1.55976138e-12
1.082921,5.718680,800.000000,1.52519974e-12
0.689753,5.112497,1200.000000,1.50588473e-12
1.175137,5.718680,900.000000,1.48884849e-12
2.438267,4.901466,0.000000,1.48520268e-12
1.059184,3.313399,1600.000000,1.47910238e-12
1.152450,5.718680,1300.000000,1.47531819e-12
1.152450,5.718680,1300.000000,1.47531819e-12
1.117980,5.706409,1000.000000,1.47225957e-12
2.168203,4.847379,1200.000000,1.44613941e-12
2.206508,4.859651,900.000000,1.43941522e-12
1.117980,5.706409,1200.000000,1.41465456e-12
1.403348,4.405593,1200.000000,1.40903735e-12
1.022969,5.755496,900.000000,1.40854684e-12
2.168203,4.847379,600.000000,1.40418159e-12
1.424441,4.405593,1400.000000,1.38829691e-12
1.424441,4.405593,1400.000000,1.38829691e-12
1.424441,4.405593,1400.000000,1.38829691e-12
1.163821,5.730952,1100.000000,1.37538265e-12
1.163821,5.730952,1100.000000,1.37538265e-12
0.985936,5.767768,900.000000,1.36552933e-12
2.180856,4.835107,1000.000000,1.35523316e-12
1.476908,4.417865,1500.000000,1.32307486e-12
1.035127,5.767768,1300.000000,1.32128654e-12
2.180856,4.859651,1000.000000,1.30965788e-12
1.466440,4.381049,800.000000,1.30220483e-12
1.508256,4.430137,900.000000,1.29200889e-12
1.899606,0.859029,900.000000,1.29022937e-12
1.413903,4.368777,1100.000000,1.28852548e-12
1.141021,5.730952,700.000000,1.28763280e-12
1.518689,4.417865,900.000000,1.27733739e-12
2.118623,4.822836,700.000000,1.26191079e-12
0.998378,5.780040,1100.000000,1.24781356e-12
1.877674,0.859029,800.000000,1.24211028e-12
0.947970,5.780040,1000.000000,1.21540047e-12
1.518689,4.417865,1300.000000,1.20782577e-12
1.518689,4.417865,1300.000000,1.20782577e-12
0.947970,5.780040,1100.000000,1.20267832e-12
1.071091,3.325670,1500.000000,1.19559920e-12
2.438267,4.901466,100.000000,1.17710480e-12
1.855893,0.834486,700.000000,1.15848534e-12
1.910633,0.895845,800.000000,1.14184307e-12
1.047198,5.730952,900.000000,1.13836889e-12
1.117980,5.755496,1000.000000,1.12994343e-12
2.143215,4.847379,500.000000,1.11374721e-12
1.071091,5.730952,1500.000000,1.11276412e-12
1.966456,0.908117,800.000000,1.08887931e-12
2.232654,4.859651,900.000000,1.07766212e-12
0.947970,5.780040,900.000000,1.07405975e-12
1.141021,5.730952,1400.000000,1.07275923e-12
1.094677,3.325670,1800.000000,1.07264871e-12
2.130872,4.859651,1000.000000,1.07036261e-12
2.155657,4.859651,700.000000,1.06623602e-12
0.935085,5.792311,1000.000000,1.05869085e-12
1.392774,4.393321,1200.000000,1.03213168e-12
2.070501,4.822836,1000.000000,1.03180271e-12
1.424441,4.430137,1100.000000,1.02034637e-12
1.487366,4.405593,600.000000,1.01536764e-12
1.186400,5.706409,1000.000000,1.00867496e-12
1.094677,5.706409,1200.000000,1.00836372e-12
0.662706,5.128188,1800.000000,9.96212528e-13
0.676214,5.150399,2000.000000,9.77705759e-13
2.180856,4.835107,600.000000,9.53147927e-13
1.071091,3.325670,1400.000000,9.49659809e-13
0.662706,5.189788,1900.000000,9.48626467e-13
1.117980,5.706409,800.000000,9.20445098e-13
1.059184,3.313399,1400.000000,9.07390820e-13
1.932819,0.895845,900.000000,8.91225640e-13
1.047198,5.780040,1100.000000,8.87322665e-13
2.070501,4.822836,1100.000000,8.82648554e-13
1.035127,3.313399,2000.000000,8.70601373e-13
2.180856,4.859651,1200.000000,8.68773906e-13
1.403348,4.405593,1300.000000,8.65386981e-13
0.676214,5.089984,1300.000000,8.58636763e-13
0.973390,5.755496,1000.000000,8.35394016e-13
0.841069,1.165825,2000.000000,8.31498904e-13
1.047198,3.325670,1500.000000,8.25378607e-13
1.117980,5.706409,1400.000000,8.16594371e-13
1.022969,5.780040,900.000000,8.14379981e-13
1.434962,4.417865,400.000000,8.04844203e-13
1.059184,5.718680,1000.000000,7.94476790e-13
2.070501,4.822836,700.000000,7.79534188e-13
1.413903,4.368777,1300.000000,7.58172321e-13
0.973390,5.755496,1200.000000,7.57726276e-13
1.424441,4.430137,400.000000,7.54334922e-13
0.960736,5.767768,800.000000,7.49781570e-13
1.476908,4.393321,600.000000,7.33586667e-13
0.973390,5.755496,900.000000,7.25156154e-13
2.106466,4.835107,1400.000000,7.14607981e-13
1.943982,0.908117,300.000000,6.96041348e-13
1.175137,5.718680,1400.000000,6.86131425e-13
1.047198,3.325670,1400.000000,6.76087420e-13
2.118623,4.822836,1300.000000,6.75489767e-13
2.143215,4.822836,1200.000000,6.74952507e-13
2.180856,4.835107,500.000000,6.74901211e-13
1.518689,4.393321,1100.000000,6.71518019e-13
2.168203,4.822836,900.000000,6.65614091e-13
1.094677,5.706409,800.000000,6.41436661e-13
1.487366,4.381049,1400.000000,6.37457942e-13
1.106363,3.313399,1800.000000,6.36688535e-13
2.259344,4.859651,800.000000,6.35296317e-13
1.382180,4.405593,400.000000,6.31758616e-13
1.152450,5.743224,700.000000,6.24845042e-13
1.445468,4.381049,600.000000,6.11773738e-13
1.943982,0.859029,300.000000,6.11081113e-13
1.117980,5.730952,500.000000,5.96795864e-13
0.998378,5.755496,1400.000000,5.94835392e-13
1.497815,4.442408,1000.000000,5.93837170e-13
1.476908,4.442408,1200.000000,5.93053643e-13
1.476908,4.442408,1200.000000,5.93053643e-13
2.094395,4.822836,500.000000,5.87854066e-13
0.689753,5.231048,1600.000000,5.78529049e-13
0.998378,5.780040,1400.000000,5.76593127e-13
0.998378,5.780040,1400.000000,5.76593127e-13
1.434962,4.368777,1400.000000,5.74354028e-13
1.186400,5.706409,700.000000,5.74063730e-13
1.382180,4.381049,1200.000000,5.73906526e-13
1.082921,5.718680,600.000000,5.58164808e-13
1.392774,4.417865,300.000000,5.37588458e-13
2.180856,4.859651,500.000000,5.29765227e-13
1.035127,3.313399,1500.000000,5.28050926e-13
2.478886,4.912589,200.000000,5.09911374e-13
1.932819,0.846757,300.000000,5.09249285e-13
2.245928,4.847379,600.000000,5.08697129e-13
2.245928,4.847379,600.000000,5.08697129e-13
1.129532,5.694137,1000.000000,5.06654024e-13
1.035127,3.288855,2000.000000,4.96893177e-13
1.529118,4.430137,1100.000000,4.95083549e-13
2.106466,4.859651,1000.000000,4.85636607e-13
1.022969,5.730952,1100.000000,4.83017974e-13
1.010721,5.792311,1100.000000,4.72578417e-13
0.985936,5.792311,700.000000,4.66475739e-13
0.649230,5.230752,500.000000,4.58185037e-13
1.071091,5.730952,500.000000,4.57671168e-13
2.383628,4.888426,200.000000,4.38764317e-13
1.392774,6.234098,1500.000000,4.35470257e-13
2.180856,4.835107,400.000000,4.31159027e-13
1.175137,5.743224,800.000000,4.29356388e-13
1.047198,5.780040,1400.000000,4.25632844e-13
2.168203,4.822836,1200.000000,4.21667749e-13
2.094395,4.822836,1400.000000,4.08713059e-13
0.703326,5.134177,1500.000000,4.02447053e-13
1.476908,4.442408,1300.000000,4.00231077e-13
1.392774,6.234098,1400.000000,3.93307008e-13
0.662706,5.097388,1400.000000,3.88230314e-13
1.434962,6.185011,1700.000000,3.85458397e-13
1.403348,4.356505,1200.000000,3.83137125e-13
0.649230,5.199336,900.000000,3.72277755e-13
1.424441,6.197282,1200.000000,3.67029995e-13
0.922077,5.804583,700.000000,3.59885805e-13
0.947970,5.804583,600.000000,3.57836728e-13
1.434962,6.185011,1800.000000,3.48221818e-13
1.117980,5.706409,600.000000,3.45705538e-13
1.382180,6.221826,1200.000000,3.45075851e-13
2.465379,4.938946,400.000000,3.42566963e-13
1.071091,3.276583,2000.000000,3.36816837e-13
0.703326,5.163266,1500.000000,3.33589500e-13
1.035127,3.337942,1700.000000,3.31463842e-13
2.286634,4.859651,800.000000,3.27940942e-13
2.094395,4.822836,400.000000,3.24533967e-13
2.143215,4.871923,900.000000,3.17919546e-13
2.259344,4.859651,400.000000,3.16246470e-13
1.497815,4.393321,1600.000000,3.10731504e-13
1.508256,4.381049,1300.000000,3.10616453e-13
2.106466,4.810564,600.000000,3.00798380e-13
0.799334,1.171660,2000.000000,2.98623274e-13
2.143215,4.822836,1400.000000,2.95387954e-13
1.071091,3.276583,1700.000000,2.93325021e-13
1.047198,3.350214,1300.000000,2.80166826e-13
1.466440,6.172739,1300.000000,2.79323939e-13
1.022969,5.780040,1500.000000,2.75878782e-13
1.035127,5.743224,1600.000000,2.73548630e-13
1.466440,4.405593,1700.000000,2.71603617e-13
1.141021,5.706409,1600.000000,2.65589898e-13
0.649230,5.262168,900.000000,2.60026464e-13
1.445468,6.172739,1800.000000,2.55610002e-13
0.676214,5.271230,1400.000000,2.54774560e-13
1.455961,6.209554,1800.000000,2.51018956e-13
1.360926,4.430137,500.000000,2.47028294e-13
1.382180,4.356505,1200.000000,2.43142767e-13
1.403348,6.172739,1600.000000,2.36635706e-13
1.360926,6.197282,1800.000000,2.34630963e-13
1.328860,6.234098,1700.000000,2.30177966e-13
0.960736,5.792311,500.000000,2.24627805e-13
0.841069,1.141282,1800.000000,2.17747839e-13
1.487366,6.172739,1300.000000,2.13534484e-13
2.438267,4.872377,200.000000,2.07931565e-13
1.152450,5.694137,1500.000000,2.03861900e-13
0.662706,5.251388,300.000000,1.90490038e-13
1.328860,6.234098,2000.000000,1.88530605e-13
1.371564,6.185011,1800.000000,1.84140963e-13
1.339575,4.381049,800.000000,1.82027456e-13
1.339575,4.405593,800.000000,1.81609020e-13
0.922077,5.780040,800.000000,1.81484776e-13
2.328389,5.409113,1600.000000,1.80357959e-13
2.411019,4.894714,600.000000,1.78845233e-13
2.342259,5.420535,1200.000000,1.76867839e-13
0.703326,5.075999,700.000000,1.71470307e-13
1.445468,6.148195,1200.000000,1.67704551e-13
1.230959,5.730952,200.000000,1.66162860e-13
1.230959,5.730952,600.000000,1.63444587e-13
2.193623,4.822836,1300.000000,1.62688004e-13
2.492363,4.948008,500.000000,1.62065299e-13
0.895665,5.804583,1000.000000,1.60176616e-13
2.259344,4.835107,800.000000,1.52432858e-13
0.908939,5.792311,800.000000,1.51086828e-13
1.508256,6.172739,1400.000000,1.50890108e-13
1.163821,5.755496,1100.000000,1.48636963e-13
1.487366,6.172739,1000.000000,1.46422464e-13
1.350263,4.393321,300.000000,1.45982402e-13
2.245928,4.847379,1400.000000,1.45972961e-13
2.106466,4.835107,1600.000000,1.44618490e-13
1.163821,5.681865,1000.000000,1.43635187e-13
1.487366,6.197282,1800.000000,1.43245984e-13
2.438267,5.366887,1300.000000,1.43125813e-13
1.328860,6.258642,1400.000000,1.42213076e-13
1.350263,4.368777,500.000000,1.41583304e-13
1.476908,6.135923,1300.000000,1.40908953e-13
1.328860,6.209554,1700.000000,1.38153555e-13
2.328389,5.434449,1300.000000,1.37949617e-13
0.998378,5.804583,1400.000000,1.32106525e-13
1.010721,5.718680,1300.000000,1.29528162e-13
2.180856,4.835107,200.000000,1.29236317e-13
0.716932,5.012268,1100.000000,1.28649348e-13
0.785505,1.165007,1900.000000,1.27370966e-13
2.046915,2.245748,1900.000000,1.27106023e-13
1.186400,5.706409,400.000000,1.24607237e-13
1.328860,6.209554,1900.000000,1.22699454e-13
2.532611,4.929627,400.000000,1.21144557e-13
2.328389,4.877069,1100.000000,1.20349661e-13
1.339575,6.270913,1500.000000,1.15241467e-13
2.328389,4.851734,600.000000,1.08058784e-13
0.582291,0.191986,0.000000,1.06539040e-13
1.071091,3.374758,1200.000000,1.06284354e-13
2.000572,2.245748,1800.000000,1.05757237e-13
2.058671,2.233476,1900.000000,1.04981280e-13
1.059184,5.718680,500.000000,9.86673763e-14
2.451839,5.349599,1900.000000,9.69313042e-14
2.451839,5.349599,1300.000000,9.65942434e-14
2.478886,5.374587,1200.000000,9.52869128e-14
2.300524,4.847379,800.000000,9.12374431e-14
1.455961,6.160467,600.000000,9.04471290e-14
1.186400,5.706409,1700.000000,8.86347768e-14
2.259344,5.424156,800.000000,8.64739015e-14
1.413903,4.417865,1600.000000,8.57982833e-14
1.163821,5.755496,400.000000,8.51547210e-14
1.560379,6.135923,1100.000000,8.39710500e-14
2.219516,4.798292,0.000000,8.13784837e-14
2.143215,4.822836,200.000000,8.12438385e-14
2.046915,4.822836,400.000000,7.90602504e-14
2.232654,5.448700,1400.000000,7.85347891e-14
2.411019,5.427662,1800.000000,7.84526359e-14
2.356088,5.432337,600.000000,7.83343203e-14
1.497815,6.135923,1800.000000,7.81874156e-14
2.451839,5.349599,1000.000000,7.67083998e-14
1.539541,4.393321,1400.000000,7.57718238e-14
2.245928,5.411884,1300.000000,7.53356118e-14
2.691276,4.959228,300.000000,7.51539200e-14
1.328860,6.209554,1100.000000,7.35021623e-14
2.012061,4.835107,1100.000000,7.11475123e-14
1.549961,4.430137,1300.000000,7.02393830e-14
1.035127,3.362486,500.000000,6.94043671e-14
1.022969,5.780040,1700.000000,6.93795312e-14
2.070501,4.847379,1500.000000,6.68566657e-14
2.314478,5.447921,2000.000000,6.56492056e-14
1.403348,6.246370,900.000000,6.46291404e-14
1.622903,6.062292,1000.000000,6.37029628e-14
1.685632,6.037748,500.000000,6.05688498e-14
1.497815,4.368777,800.000000,5.97600228e-14
0.716932,5.097948,1300.000000,5.93553968e-14
2.505808,5.337502,1100.000000,5.90931751e-14
1.487366,6.221826,1800.000000,5.89952525e-14
2.193623,5.436428,1400.000000,5.73734668e-14
0.676214,5.271230,1800.000000,5.38731501e-14
0.676214,0.105727,1000.000000,5.24374665e-14
2.046915,4.798292,1000.000000,5.18683096e-14
1.989143,2.258020,1800.000000,5.08517102e-14
2.259344,5.399612,2000.000000,4.93867414e-14
2.532611,5.330681,2000.000000,4.86794421e-14
1.989143,2.233476,1400.000000,4.79012304e-14
2.314478,5.373121,1500.000000,4.60675375e-14
1.539541,4.442408,1300.000000,4.58713300e-14
2.478886,5.405387,2000.000000,4.50810284e-14
2.046915,2.221204,1500.000000,4.42116226e-14
2.519224,4.859651,600.000000,4.41484344e-14
1.175137,5.743224,100.000000,4.37124470e-14
2.180856,4.810564,100.000000,4.35333361e-14
0.662706,0.292599,1000.000000,3.90389665e-14
2.219516,5.411884,2000.000000,3.86120047e-14
0.841069,1.165825,1000.000000,3.69635854e-14
2.206508,4.908739,1100.000000,3.56661947e-14
1.466440,6.123651,1900.000000,3.43349064e-14
2.219516,4.896467,400.000000,3.35922519e-14
1.466440,6.099108,900.000000,3.29958303e-14
2.519224,5.383250,1400.000000,3.28486619e-14
2.424660,3.841311,1600.000000,3.25669534e-14
2.232654,5.399612,2000.000000,3.14870729e-14
2.505808,4.792532,100.000000,3.10327001e-14
0.542452,0.504899,900.000000,3.09611499e-14
2.585886,5.242076,1300.000000,3.08522603e-14
1.022969,5.706409,700.000000,3.08277732e-14
1.197611,5.669593,1000.000000,3.06529437e-14
2.356088,5.353797,1200.000000,3.03070080e-14
0.582291,0.226893,500.000000,3.02541719e-14
1.539541,6.062292,500.000000,2.91420411e-14
2.585886,5.242076,1200.000000,2.90897565e-14
0.676214,0.709879,800.000000,2.84137162e-14
2.572607,5.265738,1000.000000,2.76647035e-14
1.424441,6.123651,1700.000000,2.51760183e-14
1.622903,6.135923,1300.000000,2.51656095e-14
2.612370,5.267915,1200.000000,2.40191322e-14
1.318116,4.331962,700.000000,2.37766002e-14
2.314478,3.552992,1300.000000,2.33738187e-14
2.532611,4.628836,900.000000,2.13195398e-14
1.106363,5.792311,900.000000,2.03731221e-14
2.478886,5.282188,1800.000000,2.02972155e-14
0.716932,0.099960,900.000000,1.98098778e-14
2.206508,5.424156,200.000000,1.88900523e-14
1.476908,6.086836,500.000000,1.84472633e-14
1.059184,3.387030,400.000000,1.78088091e-14
1.508256,6.074564,200.000000,1.72501437e-14
0.771715,0.039935,1100.000000,1.70554719e-14
0.635784,5.241331,1100.000000,1.70495685e-14
2.314478,3.577925,1800.000000,1.68401009e-14
1.318116,4.405593,900.000000,1.65723757e-14
1.643778,6.111379,1900.000000,1.59867045e-14
0.595622,0.324404,1200.000000,1.55285879e-14
2.397342,3.678970,1300.000000,1.47243208e-14
0.744251,0.013779,1700.000000,1.46870755e-14
2.046915,2.245748,900.000000,1.40473835e-14
2.572607,4.658839,1000.000000,1.39393373e-14
2.638759,4.651974,1000.000000,1.38278108e-14
2.532611,5.297260,400.000000,1.35048681e-14
2.756485,4.686209,1000.000000,1.27704708e-14
2.106466,5.424156,1700.000000,1.19358693e-14
1.117980,5.730952,2000.000000,1.16332206e-14
0.771715,0.093183,1800.000000,1.12720642e-14
0.716932,5.155068,1400.000000,1.10376215e-14
2.259344,5.497787,1400.000000,1.05237221e-14
1.059184,5.816855,900.000000,1.01883122e-14
2.438267,3.883358,1300.000000,9.91089312e-15
2.342259,3.669483,700.000000,9.86897753e-15
2.756485,4.686209,1300.000000,9.40510319e-15
2.206508,5.497787,500.000000,9.36915722e-15
2.397342,5.304882,1000.000000,9.27129823e-15
2.094395,2.196660,900.000000,8.43741779e-15
0.785505,0.248709,1600.000000,8.04732362e-15
2.193623,4.921010,500.000000,7.85634075e-15
1.208774,4.233787,700.000000,7.70185869e-15
0.771715,0.226301,1000.000000,7.22582991e-15
0.882248,0.147262,1300.000000,7.20120272e-15
0.689753,0.489021,1600.000000,6.54793134e-15
2.058671,5.497787,1100.000000,6.28601133e-15
0.854958,6.209554,1500.000000,5.86878911e-15
2.272911,3.792001,1000.000000,5.33967100e-15
1.466440,5.853671,1000.000000,5.21117596e-15
2.245928,5.338253,1400.000000,5.06409735e-15
1.602051,6.037748,1700.000000,4.63652798e-15
2.245928,3.350214,1200.000000,4.35370315e-15
1.966456,3.166136,1600.000000,4.34279842e-15
1.834250,4.810564,1200.000000,4.07166162e-15
2.070501,3.227496,900.000000,3.97239312e-15
2.585886,5.388197,1900.000000,3.88548441e-15
1.888620,3.129321,1600.000000,3.85424104e-15
2.058671,3.166136,1300.000000,3.82260576e-15
2.451839,5.527425,1800.000000,3.60034734e-15
0.635784,6.042757,1100.000000,3.57887526e-15
2.397342,5.525345,2000.000000,3.51699127e-15
2.143215,3.325670,700.000000,3.32775070e-15
1.866765,3.202952,1400.000000,3.06455937e-15
2.424660,3.641391,600.000000,3.04854441e-15
1.392774,6.013205,1400.000000,2.94194537e-15
0.922077,5.853671,300.000000,2.78529314e-15
0.827115,6.121119,900.000000,2.28239060e-15
2.465379,3.277527,1200.000000,2.25273427e-15
2.519224,3.648829,1200.000000,2.00370830e-15
2.465379,3.881679,2000.000000,1.98965682e-15
2.397342,5.249767,1300.000000,1.78137563e-15
0.998378,0.110447,1400.000000,1.60071245e-15
1.899606,5.252350,1100.000000,1.31377178e-15
1.845055,3.374758,1400.000000,1.30794822e-15
0.529222,0.134092,1100.000000,1.29323714e-15
2.106466,5.276894,1000.000000,1.12937989e-15
2.070501,3.841088,1100.000000,1.12836715e-15
0.868682,0.380427,1500.000000,1.09225179e-15
0.516016,0.844303,1200.000000,1.02219417e-15
2.082408,3.657010,1600.000000,9.58743744e-16
1.518689,5.939574,1800.000000,9.23463524e-16
1.977771,5.240078,700.000000,7.49065678e-16
1.152450,6.160467,600.000000,6.77686866e-16
1.560379,2.724350,2000.000000,4.09404553e-16
2.585886,4.292292,1500.000000,3.57442952e-16
1.197611,4.442408,600.000000,1.53978031e-16
